1151 otssntttttottutt ttttittsoitttffi tttt. 1 itti

11 1111111111111, 11111111, 11111111 1111111111, A 1111111 inni. 1111 11111 11111 concon 111, 11 11111
11111111111111 11 1111111111111111111,111.. 1111111111, 1111111 1111111111 1111111111, m
11111111 11111 11 11111111, 11 111, 11111111 11 111111111111111111111111111111111,1111111

11111111 1111111111.(11111111111111111111111,1111 1111111111111111111111111111111111111111111 >

1111111111111111111111111111111111. Connus 11111 1111111 1111111 indo reciniati 111111 1111 1111111111.

11111111 11 111111, 11111111 1111111111, netu 1111111111111111111, 11111,111111111111.31. Ι

1111111 1111111111 111111111 11 inmotos, 11111- 111111111111111111111111ς1111111 irmionem in
111 11 1111111111 111111111111111111111111111111, coconem 11111111,1111 1111111 1111111111, m
qui„ ,1.11 mum mmmmm Porphyrium, 1111111 11 1111111111, 1111111 11111111 inmitem
111111 111111111111111111111111111,11111111 111· 1111111111. Etenim principium 1111111111, ponto.
1111111. 811 1111111 1111111 111 snut 11111111. itm 1111111111 1111111111 11 1111111 11 111111. Quoniam
1111111 11 compositione 1111111111111 ct tiio· 11111111111111111111111111111111111 1111111111.
1111,11111111111 1111111111111111111111, 1111 111 11111111111111111, 11 1111111111, cnm 111 111·
11111. 81111111111111111,111111111,11111111111· 11111111, 111 111111111111 11111 iconi nnn 11 111.
11111111, 1111 11111 11111 coccini 111111111111, 1111111,111111111111111111.1111111111111111111 ’
1111111111 111 1111111111111111111111,11111· 111111111111111111111. cinit 1111 11 1111 111111.
111111111111’1111111111 11111111111111111111
11111111, 1111 11111111111111 sicco. 11111111111111 tetta, 11111 111111 11 1111111111. 811 11 111, 111
nnc 11111111 11 immitto, 11111 111 1111111 1111311111111111, catis 11111111. 11111111111111
11111, 111; 1111111111 11111111, ignit. Gom 11111 1111111111 conpotum 1111111111, 1111111111111·
111 111111111111111111111111111111111111, ii· 111111. 8111111111 11111111 mnndi, 1111111111.
111 111111111111 partiente 11111111 ct 11111 1111111,1111111111,1111111111111111111111.
dominantur, 111111 1111111 dicitnr 111111 11 11 1111111111111111.

1111111 11111111, aqum 11111 111111111111 11, 111111 onom 111111 111111 111, 111111111111,
111ς111111111111111111,11111.8111111111111111 111 concioni 11111111111111111111111111111
11111111111111111111111111111111111111111· 1111111111 11 11111111111, 111111111111 onnon·
octono 11111111 11111111111,1111111111,111· 1111111111. 11111, 111111, 1111111 1111111111111111

111111811111111111111111111111111111111111· 1111111111111111,1111111111 1111111111 11
1·11111111111111111111 1111111111111111111
nesciunt contingentes, 11111111 diocto tidctnttm 1111111,11111111111111, 111111111111111111
1111111111 11111111 1111111, 11111111111111111· 11111111111111111111111,1111111111 111111 in

111 : 1111111, nigidii-ntem, 1111111111, siccitatem. 111111111111111111111111111111111 commitam
8111111111111111 111111111111 1111 1111111111. 11 1111111111 11111 1111, 11111111111111, conio...
111, 1111111111 11111 111 intonit, 11111111 111· 111101111111111111111111111111111111111111111-
toenio 11111111, cnm 111111111111111 1111111 11111· inniti ². (11111111111111 11111 11111111111111111111
111111111111111111111111111..111ο 1111.’11111111111111111111
111 11 111111111111111 11111 1111 11111111, nitunt noc 11111111111111111, 1111111111 1111111111 con·
1111111 commotiones, 1111 11111111111111111, ct 11111 1111111111111111 11111. idcirco 11111 iicon
itiiititti‘tiiitt‘tzm‘iiiiiitti: 1111111111’111111111151111111
111, 1111111111111111 tecit, 11 11 11111 1111111, polenta, 1111111, 11111111, 'ignit 11111111, 111111,
11111111111111111111111 111111111111111111111
1111 1111111111111 1111111111111111 non 1111 iunctione 1111 1111111 montionem, 11111111 1111
1111111111, 111 1111111111 1111111111. 1111111111 1111111111, 111111111111111111111111. cnm·
111111 11111 11111111 111 11 co cni 11111, 111111 1111111111111111111 111, 111111111111111111
iocum 1111 111111111111111. 8111111111111· 111111,111111111111111111111111111111111,
1111 1111111111111111 11111111, montino 11 1111111111111 111111111111111111111, 11 icci-
111111111111111111111,1111111111111111611111 · tium, 11111 1111111111 11111 11111111111111.

1 omnm 11111111 1111111, in 111111111111111, 11111ς111111111111111111111111 oeconomicon
1111111111, in 1111 1111111111111111111 1111 111111 111 11 onom, 1111111111111 11111111 11
1111 111, 1111111111 philosophorum conhtlrlormig3 qm 12⁸aess fficio walt? 1111311811 ι1111111
ί1111111ι11111111111111111111111111111111111111111]’1111111111 1111111 1111111111, 11111, litgium 1111111111111211
11111111, 1111111111111111111111111111111111111111-υ1111111 11 11111111 11111111. 81 11111 11111111 11111
111111111111111111111111111 111111111111111.18111121111111111111
totto 11111111 ,1111111111 1111111111 11111111 1111111111.1111ἰ1111111111111111ἐ111 1111111 onim· ·
11111111111111111111111 1111111111.1...11..1.11..1111ῗ11111113
11111111111111111111111[11111111. 1111111111- 1111111111111111 11 frigidissimum aliquid 1111 111-
11111 1111111111. 111111111111111111111 111111111- 11111111111111111111 11111111 11111111, 1111
111. Soti 1111111111111 t nultum 11111111111111111111 11 11111111 111111 1111111111, 11111111111111111111,
111, 1111 111111 111111111111111111111111· 1111111111111111111111111811111111111111111111·
1111111111 1111110111 111111111111111111 oium, 1111 11 1111111111 11 1111111111 111111, 1111
111 1111111 11 nano, 1111 1111111 hominitatis 111- pitto 11 11111111 11111 1111 1111111 11111111, 1111-
111131*111111111111111111 1111111111111111111111
1111111111. 8111111111111111 ommni 1111 1111 11111111 1111111 111 1111111,111111“111111’1111
1111111111 ΡΙ11111111111111 : 11111 11111 11111111 1111111111 1111111111111111, 111111, 11111111.
1111111111 1111 11 111111, 11111 negotientur 111111. Si 1111111111 111111 11111 11 1111111111,
1111 11111 11111. n 1111111111111111111111 nno· 1111111111 1111111111 11111111 1111111, 11-
11111111111111111111111111 1111111111111111111111111111111

 

