¹152 85⁰.ss vnussnrmus UI'P. Pons I. SUUI'. II. ·· UUIIIA Π swan. mo

“ 11111111111111111111011111111111111, 1111111111 Quorum 11111 111 11111 : 1111111 11111111 untur

11111111111111111111ς 111 1111111 1111111 1111111 1111111111,1111 1111111111111111111111111,1111111
111 1111111111111 111, 111, 11111111 1111111 mundi 1111 11111111· 11111 111111 111111 11111111111111111111.
11111 111. ,41111111 1111 11 111111 1111111 ,1111 11111111 Ergo 111 1111111111 roni 11 111 11111111111111 111. Η
111111111111111,1111111111 1 11 ‘¹⁰²² ⁶³·

LIBER SECUNDUS.

rooo'o‘oruo.

111111111111111111111111111111111111 proruerunt, 1111111111, 111 11111111111111111111111111101111 1111111
11 1111111111,1111 aridam 11111111111111111111111111111- 11111 11111111 Iocus 111111 1111 ornatui, 1111 oporteat

11111111, 111 1111 11 1111111 111111111111111111111111 1111111111111111111111111111111111111111111111·
mr: 111111 1111 de unoquoque 111111 11111111 11111111- ponere. 111 1111111111111111111111 [alu 1111111111, oe
1111111111. sa 1111111111 11111111 1111111111 verborum 1111111· 111111111111111 judicare, 1111111111111111111111111-
11, prum 1111111111 11111111111111,1111111111 1111 1111 uam mucre: 1111111 1111111111 111 Io 111111 inu
·11111111111111“111,111 11 1111111111111111111111111, 11 plr'Ir 111111, 1111 aedificantes 1111111111, 111 111
11111111111111111111. 11111111111111111111111111111 1111111 1111111111, 111111111111111 habemns& 111
promen, 111111 1111111111 falsitatem. 811 quispam 11111111. Nunc 11 111111111111111111 11 rrim-
111 1111· ariditas 1111111 1111111111 1111111111, ri 1111111 111111111111111111,11111111111,11111 11 1111, 11-
«riui 1111111111 1111111111 , 1111111111 moronis 11111 Β 1111111111.

commensura} 11.

orto 111 111111. - 11111 11111 1111111111 1111 11 1 1111111111. -11111 111111 111 quibusdan 1111 1111111111.
1111111- 0111 1111 11· bom 11111 111111 11111111 1 111, 1111111111 1111 1111111111 11111. - 0111 11111111
111111 111111,- 0111 1111111111111111 111111 1111111 ηις11111111111111111.-11111111 1111111111 1111 k·
111111111111111111111111 1111111111111111111111111
11111 11111111 1111 11 firmamento-our 1111111 : 11111111 1111111111.-0111111ι1111111111 1111111111, 11 11111111
111111111.-11111111111 111111111111111ω111111- 1111111111,111111111111111111111111111-701111 1111111
111111. - 01111111 11111111 1111111111. 11 11111 111 111 11111111111111111111 11111111111111-11111111111111111
1111111111. «ν 1111111111 1111111111 1111 11111 domu. - 11111111 111111111111. -111111 111 1111 1111111. - um

11111111111111111111-1111111111111111-111 111111 111111111111111111111111111111.-111111111111181111-·

1111111111 circum-De 1111111111111111.- Do 81111111. 111111 11 1111111111 111 munga-Uo 11111-01111 Ion
γο1111111111111111111111 111 111-01111 1111111111 111 11111111 111111111 1111111111 rt 11111111-111111
11111111111111111111111 ’.111111111111“1’11·111111···τ
0111111111111 111111 1111111 Lucifer cI 111111111-’111 1111 aefflffujpussqpffl'gpm :Una uhtUpUae-
111111111. - 111 8111-1111111111111111111111111111110 0111 1111111111111 1111 11 1111111 1111111111.

INCIPIT LIBER SECUNDUS.

X 111111111111111111111111111111,111111111 111111 1111, 11111. 111 111111 111111 1111111 1111, 111111 111
1111111, 11111 11111111 111111111111111111111111- 11111 11111111 111111 11111111. 11111111 11111111
11111, 11111111 1111111 11111 sonno 11111 11111111. sod 111 11111111111111 1111111111 11111 1111Ι 111, 111 11111·
111111111111111’.1111111111 11111111111111111111111
1111, 11111 1111 11111 111111 111111111111111111111· 11111 1111. Cum 1111111 111111 11 1111 11111, 11111111
111 11111111 1111111111111111111, 11111111 1111111 111111111111111111111111111,11 11 1111111111-
politeuma 111111 11111111 1111111111,111111111 per 1111111111, 1111 firmamentum 1111111, 1111
11111111,11111111111111111 1111111 111111111- 11111111111111111111111111111111111 1111111111
111, 1111 1111111111 11111 mentm 111 medio 1111111111,111111111111111111,11111111111111 111
11111111,1111111111111111111111111111111111 · 11111111111111111111111111111111111111111111
armato, 11 1111111 11111 uper 1111111111. 11111 11111111. 81111111111111111, Posuit 1111111111·
11111111 11111 111111 nurnero 111,111111111111 11111111 11111111111111.111111111 11111111111111111
1111 1111111111111,111111111111111111111111 11111 1111111111111111111111111111.111111111·
p 11111111111111111111.81111111111111 1111111111, 1111110111 11111111111111111111111111, 11 11111
orgo 1111111 ponderosum 1111111 Sed 11111111 11· 111111111111111111 1111111511111111111 11111111 111
111 madon-worm? 11111111 11111 111. 81 11111111 0111111111111111111111511111111, 11111111111111111, 111
111.11111111111111111111 11111111111111111
111, 111111111111111111, 1111111 1111111111111111· 111111,11 11 1111111 111111, 1111111111 1111111111
111111 1111111111111111 111111 111111111111111ς 11111111 11111111110111 111111 111111111111111111
1111111111 1111 1111 eoncordia, 11111111111111111 111 1111111111111111111111111111111111111,1111111111
1111111111ιί1 11111111. Si 111111 1111111111 1111111111 obstaculum 1111111111111111, 1111111, memoror
1111111111111111..11111111 1111“111.111..11111111111.11
on o'oIprII'rae 1111. Si noo 11111111111111111,111 11111 1111111111 11111111111111 1111111, 11111111
11 1111111111111111111.5111111111111111111111. 11111111111111111,111111,1111111111111111111·
1...11111111111111111111· 111·.111·”111““”.1 1111
111 111 1111111111 111181 1111111111. Sed 1111 1111 ‹II- 1111111 11111111111111111111ὓ111111111111’1.11οοίὲῗιι 1111111111
11111 zoor 1111111111 11111111111111, 111 1111111 11111·1111111,1111111111111 1111111111 1111 11111,
11111 11111,11111111111111111 11111111.111111111111ξ“
11111111111111111111111111111,11111111111111 11 111111 111, astronomica. 11111111 11111 1111
111111111111111111111111111111 111111 11111111· 11111031, 11111111, 1111111111111111111111 11111·

 

 

