UA AAAAA: 11111111111111111111111111.1,-11111111111 8661111Ἐῖ 66611 176
61111111111111161 1711171111 11111111.

’ 117 1 111 11 1111 1 1 1 17 8111111111 111111111111
118 1 176 11 1111 1 11 1 11 111111,111.117111,,1 11
111 1 111 11 1111 1 11 1 11 1111111111 mm. aii 11 o
>A 111 A 171 11 1161 7 1 1 A 11111111 1111111111,11 ξ
’ 111 1 171 1 1161 8 11 A 1 111111,,111 11111.,111 11
111 16 171 1 1161 8 111 A 1171111111111111111, 11·
1.17 11 176 A 1167 16 A 1111111.111,1111111111,11
A AAA 11 171 1 1118 11 17 1111111111 111111, 11117 11
111 11 177 1 1161 11
111 11 171 1 1116 11
117 11 171 7 1111 11
111111161111111

18 1 1117111111111111111, 11
1 7 1111111111 17111111
11 1 11111111. 1111 1111111, 11111 61
1 1 11111,111.11111111111.11 3⁸
111111111111111 1
11611111611111111
111111111111111
11111181111111111
1171161111117116
111 7 111 11 1111 6 7
1 187 11 1111 7 11.

2 111111, 111, 1111111111.

117111111161 · 1176111111

1171111111,111111111177

1

A

7

1

1

A

A A AAA 11117.
1 11 1111Ιῶ1 nummu.
81 11 111111, 1171 1111111111
A A

κξΞΞ

6111111111111117117111711111171111 ,
1111 8188 11176 86 717 AmAprAA 1116111111, ωε

111 11 111 1 1111 A 11 1 11 mmmm 111111. 11

168 17 196 1 7611 76 1 76 7611111,111111,1171 “ 87 0
A 11111,111,1111111117171 17

1 11111111 1111111, 11 ἒ

1 11111111111111111171 w A·
6 6611667 Α6671 66616666 66
11111111111111111,19
1111111 11111 Ξ

, ,1111111111 5

11111111, 11 ⁴·

11111 111 11 Ξ

16871161
1111111111
16171111
A
6161 2 898
1661197161116
1661166111116
AAAAAAA
1111 A
,1111111111
171 11 1616 6 7117 1
111111111111111

AA.

11111 117111 11

6616166177 {A ’
6116117 A}

ΞΞ A
{A A

0
0ute's. -s—neni-e-no-—ebezt—eae———neuetu-

’ Anni Domini-
ludier-ione·-

611111111111111111 1111171111 uun.

171 11 1617 A 1171 11 6 A 17 71111111 7111 11117611Ἣ11Γ 11 ·

11 171 11 1111 A 1111 11 11 1 11 1111111111, 11111111 17
177 11 1661 7 1111 11 11 1 11 1111111111 1111111171 11
171 1 1111 1 1111 11 1 1 1 1111111.111.17111111,1Ι
171 A 1617 1 1611 1 11 7 A xAAuA.pr.A 11117111111. 17

A 116 1 1611 16 1111 A 1 1176111111, 1111111171 17
181 A 1616 11 1676 1 111111111171118 111171 ‚A
111 A 1111 11 1111 1 1 1111111 1111 1111111111 11
111 A 1611 11 1117 1111111111.117111111,17

A 187 7 1616 11 1618 1111111 81111111
181 1 1617 11 1111 1111111611 1111611111
116 1 1111 1 11716 11·1,11111111 11 3
117 11 1111 1111111,

1 111 11 1111”1,11111117 11 Ξ
111 11 1111 1111, 1111171 11111111. 11
116 11 1611 A 1111111111, 11111111, 11

,11 A AA 11111· A
666 1 1671 1111111, 11171 As

A
1

, A
A A

 

