1111 111111111111111111111111 Lib. 11. 1111

11111 ei 11 signum 1111111111111111111111111101111111111111111111111111111111111111111. ,
11111.11111111111111111111111111111111111111111. 1111111 1111111111 1111111111 1111111111 1111111

1111111111111111111111111 signo, 11 111 perro 11111111 1111 sentitur, onoqoero 1111111111111, 11
soii 111, 11 1111111111 11 eo 1111. 11 qualiter 1111- 111111111111111111111111111111111111,1111111111
1111. 111111111111111 11111111, ’111 111111111111 111111 11111, 11111111 1111 ridentur· 81111111·-
1111111111111111111111.1111 111 111, 1111111111 111111 11111 1111111 1111111111111111, 1111111 111
enini ibi 1111111111111.111111 suni. 1111 11111111· 111 111111 111111 1111111111111111111111, 1111
11111;11111111111111111111, 1111111111. 1111111· 1111111111111,1111 111111 111111111 1111111111·
11111 1111111 111111 11111111, 1111111111. Com ergo eodem 111111111 undecim 1111111111111111111.
1111111 1111111111 111111111111111111111 111. 1111111111111111111111,11111111111111111111111·
1111111 videbun 111 1111111111111111111, 1111111 1111111111111,11111111 invisibilibus disseramus.
11111111 1111111 11111111. 11111111 1111111111, onir 111111111111111,11111111. 11 111, 1111111 circuibo.
1111111111111111111111111,1111111111,11111 Gaio 111111 111, 11111111111111111111111 incipis

11111111111111111.11111111111111111111111. 111 1111111111 11111111111111101111111,11 ⁴ .

111111111111111111111111111111111.11 oe 111111111111111111111110111111111 transiens, ,
111111111111111 1111111111111111 111111, 111 soi 11111111111111 principium. 1111111111111 111
111111 11111111111111,1111 1111111111 narie 111111 11111111111111111111111111111.111111111111111
ridentur, 1111111111 11 1111111111111111111111, 1111111111 1111111111 11111111111111111 1111111-
11111111 orrum 1111111111, 11 1111111111111 1111111, 1111111111 111111111111111111111·
noro: 11 11 11111111, 11111111· 111111111. 8111111 11111 1111111111110111111 1111111111. 11 (111111
111 111 111111111111.111111111111111111 Β 111 Libram 11 1111111111 descendit. 1111111111
1111111 11111 1111111111 1111111. 1111111111 111 1111 11111111111111 11111111 11111111111111111
11111111111111111111 1111111111·1111111111
11111111111111111 11111111111111111111
1111111111 erroro 1111111111111111111 1111111, 1111111111111111111111111111 11111111111111·
1111111111111111111111111 111111111111111· 1111111111 1111111111,111111,111.,111111111
11111, 11111111 1111111, 111 1111111111, eriam 11 111 1111111111, 11111111ᾱί111. 11111111 111111-
1111111111111 1111 1111111111111111111111111· 11111111111111111111111111111111111111 111111·
11111111·1111111111111111111 1111111111111113111111111111
111111 111111 111111111111111111 11111 1111111· 1111111 1111111111 1111111111. 1111111 111111 banio
111111ι 11111111ωωὶ ‘iou’ 11111111111111111111116111· 1111113111ῗὲῐ1ῗ111ᾱ1111111111. 1111111111111111 111.
311211111111111111111111,11’10111111131ᾗο1111113 1η111111111ῗ 111111 81101113ζί11 sm, 1111ιὲ 11111111ῗῖ
1111111 11111111, 111 1111111111111111 orooro· 111111, 111111111111111111ς bernoie obirooe rie·
1111111111, 11111111 1111111111. sio 111111 1111111 1111111111 111 bonarios, 111111 vinem 1111111111.
11111111,1111111111111111111111,1111111111 1111111111111111111 111111111111111,11111111
rei 111111 nobie 11111111, noros 111 11111111.1]111111111111111111111111111111.

[111 sbSioibiis sessoribus.

 

