,111 11111 1111111111111. 111111.1111.11.-1111111111111811111111111. 111 1

nummus 111111.

18 1188 1 8 8 11 8111111811 1111111111, 81
1 1188 8 11 8 18 11111111, 11111. 18
8 1181 8 88 8 18 1111111111 111111. 111
8 1188 18 8 1 1 1111111111. 1111111111 88 3
1 1188 11 11 1 8 11111.111.11111111, 11
8 1181 18 88 8 8 1111111111 11111111. 18 Ξ,
8 1188 18 A 1 1 11111111 11111,,1 18
1 1118 11 11 8 11 111111, 11 1111111 mi! 8)
8 1181 18 88 8 8 11111111111111111111, 18
8 1188 8 ’1 1111111 1111111. 11
A¹ 188 8 88 18 11oe 88 11 1111111. ἷ111 111111. 11111 18
‚' 188 1 888 11 1118 1 8 1111111,1’111.1111111111111 18
181 8 888 18 1111 18 18 11111.111.1111,111. 18
88 11 1111111111, 111111. 8111 11
1 18 11111 1111111 1111111111. 81
18 18111111ἔκ111,11111.1111,11
Ag 11 11111111,1811111Δ11111 a
18 Ag ¹xvvlffl. m 11111111. mli 81

1
1
1
81111 1111111111 1
, 111 1 111 11 1111 1
, 111 1 111 11 1111 1
3. 111 1111 1 1111 1
a 1 111 11 111 1 1111 1
·t -. 111 11 111 A 1111 11

5³

88

mumma· 1111811111

11 111 18 818 1 1118 11 8 8 11 Nummum 111111.
118 18 811 8 1118 18 11 1 18 111111,111.111,1 11
118 11 818 8 1188 18 88 8 18 1111118111. 1111111111
111 18 818 1 1181 11 8 8 Ι 1111111111. 8111111181

b 118 888 8 1188 18 11 1 8 11111111, 11111,
118 8 11111111, 11111. 111

m 8 111111, 1111 mma:

8 1111111111. 1811111181

ἶ 11111111, 11111111,

8

8

1

wat-ouva

1
8
8
1811
81888
me

1811

1888

111888

mmmmm
1881180811881
mmmmm!
8188188888118118
18111888 8118818
1881888111188111

1111111, 11111 1111118111

83338232832333

1

8

8

1

1

1 1111111111, 1111111111.

8 1 1 11111, 1111. 1111111, .
8 1 1118111111, 11111111, 111
8 11 111. 1111111 8111111111
1 {A 1111111,.1111 11111.
1

1

...ορ

*cuffiam—&03:03

1 1111111111. 11111111, ,

’ὁῖῗὸἓὲὃῖ

g ι1ν11ι181ῗ811 “m A„

ως

11 111. 8111
- 11

ἐξ

‘0

8
’1
1
8
8
A
A
1
1
8
1
8
8
1
8
..Ξ-ξιξ

8 11 NmA 118 1111111111 111,
18 1111111 11111 1111.
1111111111
1 181 Am. gffiARt·
188 11, 1111111. 111
188 . . 1111111111,
⁷. 118 . 111111, 1111
- 11 111 “ .111,811111
· 118 . . 11111. 111,
η 118 , 1111. 11111
,ὁὶ ¹⁴⁸ ο 1 ,ωωωλμο
· 8 118 11111,.111
“” m 18 3118 ‘7⁵ 31¹? 11 1111111111 ιἰἶίξῖιέρῖη
118 1 888 8 1818 18 111111. 111 11111111Ἦ,
A 118 8 881 8 1818 1 11111111. 1111111 111
m 8 888 18 1811 8 urhun. 111111. 111,
181 1 888 11 1818 11111111 1111 1111. 1111

Lu:-

 

